0.000029
0.000036
0.000034
0.000036
0.000035
0.000035
0.000036
0.000035
0.000036
0.000037
0.000038
0.000036
0.000012
0.000036
0.000036
0.000053
0.000088
0.000036
0.000037
0.000035
0.000036
0.000073
0.000035
0.000036
0.000036
0.000029
0.000036
0.000265
0.000035
0.000036
0.000035
0.000035
0.000036
0.000036
0.000036
0.000036
0.000036
0.002312
0.000035
0.000031
0.000036
0.000036
0.011056
0.893953
0.000035
0.000036
0.000036
0.000036
0.000043
0.000036
0.000036
0.000036
0.000034
0.021979
0.000036
0.606567
0.000024
0.000036
0.000036
0.000176
0.000036
0.000036
0.000039
0.000035
0.000036
0.000036
0.000039
0.000037
0.000034
0.000008
0.000035
0.000036
0.000036
0.000039
0.000036
0.000085
0.000036
0.000036
0.345367
0.000458
0.000036
0.000036
0.000038
0.000146
0.000037
0.000040
0.000043
0.000036
0.000036
0.000037
0.000036
0.000034
0.000036
0.000036
0.000037
0.000036
0.000036
0.596730
0.000035
0.000040
0.000038
0.000879
0.000036
0.015714
0.000037
0.000043
0.000036
0.151456
0.000036
0.000003
0.000035
0.000036
0.000034
0.000043
0.000038
0.000120
0.000036
0.000036
0.079863
0.943323
0.000245
0.096730
0.000041
0.923415
0.000037
0.000036
0.000036
0.000036
0.000036
0.000035
0.000275
0.000036
0.000037
0.000036
0.000066
0.068073
0.000036
0.000036
0.000036
0.000037
0.061020
0.000036
0.000037
0.000036
0.000036
0.000036
0.000036
0.001299
0.000036
0.012959
0.000036
0.000037
0.000037
0.000036
0.000036
0.000036
0.000047
0.000036
0.000037
0.000037
0.063157
0.000036
0.000045
0.000057
0.000155
0.000037
0.000036
0.000036
0.207538
0.000049
0.000038
0.000037
0.000036
0.000037
0.098861
0.000036
0.000035
0.000036
0.000038
0.000036
0.000036
0.000036
0.000036
0.000036
0.000135
0.001959
0.000036
0.000036
0.908748
0.000171
0.000036
0.000224
0.000038
0.000418
0.000010
0.001200
0.000064
0.000036
0.000030
0.000037
