0.000000
1.000000
3.000000
0.000000
0.000000
0.000000
0.000000
0.000000
0.000000
0.000000
0.000000
0.000000
0.000000
0.000000
0.000000
0.000000
0.000000
0.000000
3.000000
3.000000
1.000000
1.000000
1.000000
0.000000
0.000000
0.000000
0.000000
1.000000
0.000000
5.000000
2.000000
6.000000
12.000000
77.000000
92.000000
3.000000
4.000000
4.000000
1.000000
1.000000
1.000000
3.000000
4.000000
4.000000
6.000000
7.000000
19.000000
93.000000
30.000000
7.000000
23.000000
56.000000
71.000000
27.000000
36.000000
32.000000
36.000000
4.000000
8.000000
1.000000
2.000000
1.000000
2.000000
1.000000
1.000000
0.000000
0.000000
0.000000
0.000000
0.000000
0.000000
0.000000
0.000000
0.000000
0.000000
0.000000
0.000000
0.000000
0.000000
0.000000
0.000000
0.000000
0.000000
0.000000
0.000000
0.000000
0.000000
0.000000
0.000000
0.000000
0.000000
0.000000
0.000000
0.000000
0.000000
0.000000
0.000000
0.000000
0.000000
1.000000
0.000000
0.000000
0.000000
0.000000
0.000000
0.000000
0.000000
0.000000
0.000000
0.000000
0.000000
0.000000
0.000000
0.000000
1.000000
0.000000
0.000000
0.000000
0.000000
0.000000
0.000000
0.000000
0.000000
0.000000
0.000000
0.000000
0.000000
0.000000
0.000000
0.000000
0.000000
0.000000
0.000000
0.000000
0.000000
0.000000
0.000000
0.000000
0.000000
0.000000
0.000000
0.000000
0.000000
0.000000
0.000000
0.000000
0.000000
0.000000
0.000000
0.000000
0.000000
0.000000
0.000000
0.000000
0.000000
0.000000
0.000000
0.000000
0.000000
0.000000
0.000000
0.000000
1.000000
0.000000
0.000000
0.000000
0.000000
1.000000
0.000000
0.000000
2.000000
2.000000
135.000000
256.000000
87.000000
164.000000
319.000000
94.000000
133.000000
91.000000
43.000000
10.000000
10.000000
28.000000
15.000000
4.000000
1.000000
0.000000
0.000000
0.000000
1.000000
0.000000
1.000000
0.000000
0.000000
0.000000
0.000000
0.000000
0.000000
0.000000
0.000000
2.000000
10.000000
25.000000
28.000000
32.000000
24.000000
20.000000
15.000000
7.000000
18.000000
20.000000
6.000000
20.000000
23.000000
14.000000
31.000000
9.000000
3.000000
3.000000
9.000000
0.000000
2.000000
0.000000
0.000000
0.000000
0.000000
0.000000
0.000000
0.000000
0.000000
0.000000
0.000000
0.000000
0.000000
